funny:50:null:+0.285+0.001i#+0.0+0.0i:800:800:0.5:255&153&0:255&255&255:255&153&0:1:true
funnyFunction:50:+1.0+0.0iz2;+0.285+0.001iz0/+1.0+0.0iz0:null#+0.0+0.0i:800:800:0.5:255&153&0:255&255&255:255&153&0:1:true
NiceFractal:50:+1.0+0.0iz3;+0.285-0.001iz0/+0.003+08920iz1:null#+0.0+0.0i:800:800:1.0:255&153&0:0&0&0:255&255&255:1:true
GreatFractal:50::+0.5-0.2i#+0.0+0.0i:800:800:0.5:34&153&175:83&247&97:255&255&255:1:true
wikipedia:50::-0.7268953477091141+0.18888712904384594i#+0.0+0.0i:800:800:0.5:0&0&0:175&50&0:255&255&255:3:true
anna1:50:+0.685+0.174iz3;+0.56-0.9iz1/+1.0+0.123iz1:null#+0.0+0.0i:800:800:0.5:35&178&234:77&254&129:23&238&169:1:true
anna2:50:+0.978-0.123iz9;+0.45+0.11iz4/+0.50+0.11iz6:null#+0.0+0.0i:800:800:0.5:35&144&255:177&254&0:23&238&169:2:true
ilkka:100::+1.3+0.3i#+0.0+0.0i:800:800:0.5:200&20&150:30&254&150:155&155&155:2:true
